1.06105
0.113632
0.0968855
0.0806377
0.0650882
0.0504009
0.0367061
0.0241018
0.0126568
0.00241266
-0.00661347
-0.014426
-0.0210484
-0.0265203
-0.0308949
-0.0342367
-0.0366186
-0.0381202
-0.0388253
-0.0388203
-0.0381925
-0.0370282
-0.0354122
-0.0334256
-0.0311459
-0.0286457
-0.0259921
-0.0232467
-0.0204647
-0.0176953
-0.0149815
-0.01236
-0.0098616
-0.00751134
-0.00532879
-0.00332841
-0.00151999
9.09853e-05
0.00150286
0.00271738
0.00373925
0.0045757
0.00523605
0.00573129
0.00607372
0.00627659
0.00635377
0.00631943
0.00618781
0.00597296
0.00568854
0.00534764
0.00496269
0.00454525
0.00410603
0.00365475
0.00320013
0.00274989
0.00231073
0.00188833
0.00148742
0.00111181
0.000764423
0.000447378
